RIDGE REGRESSION
0.5842105263157895
0.4343285645172437
0.40454479948643374
[[93  8 29]
 [ 4  2  1]
 [30  7 16]]
0.5654450261780105
0.5108965108965109
0.46903228762454585
[[76 13 28]
 [ 6  5  0]
 [30  6 27]]
XGB
0.5789473684210527
0.5479507913470177
0.4498375295935886
[[83 18 29]
 [ 1  4  2]
 [22  8 23]]
0.5026178010471204
0.5066045066045065
0.4365326608317262
[[62 21 34]
 [ 4  6  1]
 [31  4 28]]
RF
0.5526315789473685
0.5649319234224895
0.4529874132705889
[[70 19 41]
 [ 1  4  2]
 [17  5 31]]
0.5026178010471204
0.531024531024531
0.447193730687439
[[76 13 28]
 [ 6  5  0]
 [30  6 27]]
LOGREG
0.4368421052631579
0.4299398714493054
0.3551013019750868
[[58 41 31]
 [ 3  3  1]
 [14 17 22]]
0.44502617801047123
0.5326155326155326
0.40331803784866666
[[76 13 28]
 [ 6  5  0]
 [30  6 27]]